020101003801202608
020101012701202608
020101012709202608
020101013501202608
020101013509202608
020101014301202608
020101014307202608
020101014309202608
020101016001202608
020101016009202608
020101020801202608
020101020809202608
020101024001202608
020101024007202608
020101024009202608
020101025901202608
020101026701202608
020101026707202608
020101026709202608
020101027503202608
020101027507202608
020101027509202608
020101030501202608
020101030507202608
020101030509202608
020101031301202608
020101031307202608
020101031309202608
020101032101202608
020101032107202608
020101032109202608
020101033001202608
020101033007202608
020101033009202608
020101040201202608
020101040207202608
020101040209202608
020101053401202608
020101053409202608
020101055001202608
020101055009202608
020904003301202608
020904003307202608
020904003309202608
020904005001202608
020904005007202608
020904005009202608
021105009101202608
021105010503202608
021105010507202608
021105010509202608
021105014801202608
030106001003202608
030106001007202608
030106007001202608
030106007003202608
030106007007202608
030106007009202608
030106008803202608
030109001703202608
030109001709202608
030109001713202608
030109002503202608
030109002509202608
030109002513202608
030116002303202608
030116002307202608
030301001003202608
030301001007202608
030301002903202608
030301002907202608
030301003703202608
030301003707202608
030301004503202608
030301004507202608
030301005303202608
030301005307202608
030301006103202608
030301006107202608
030301007003202608
030301007007202608
030301008803202608
030301008807202608
030301009603202608
030301009607202608
030301010003202608
030301010007202608
030301011803202608
030301011807202608
030301012603202608
030301012607202608
030301013403202608
030301013407202608
030301014203202608
030301014207202608
030301015003202608
030301015007202608
030301016903202608
030301016907202608
030301017703202608
030301017707202608
030301018503202608
030301018507202608
030301019303202608
030301019307202608
030301020703202608
030301020707202608
030301021503202608
030301021506202608
030301021507202608
030302003203202608
030302003207202608
030302004003202608
030302004007202608
030302005903202608
030302005907202608
030302006703202608
030302006707202608
030302007503202608
030302007507202608
030302008303202608
030302008307202608
030303001107202608
030303001111202608
030303002003202608
030303002007202608
030303003803202608
030303003807202608
030303004603202608
030303004607202608
030303005403202608
030303005407202608
030303006203202608
030303006207202608
030304001703202608
030304001707202608
030304002503202608
030304002507202608
030304003303202608
030304003307202608
030304004103202608
030304004107202608
030304005003202608
030304005007202608
030304006803202608
030304006807202608
030304007603202608
030304007607202608
030304008401202608
030304008403202608
030304008407202608
030304009201202608
030304009203202608
030304009207202608
030304010603202608
030304010607202608
030304011401202608
030304011403202608
030304011407202608
030304012201202608
030304012203202608
030304012207202608
030304013003202608
030304013007202608
030304014903202608
030304014907202608
030304015703202608
030304015707202608
030304016503202608
030304016507202608
030304017303202608
030304017307202608
030304018103202608
030304019003202608
030304019007202608
030304020303202608
030304020307202608
030304021103202608
030304021107202608
030304022003202608
030304022007202608
030304023803202608
030304023807202608
030304024603202608
030304024607202608
030304025403202608
030304025407202608
030304026203202608
030304026207202608
030304027003202608
030304027007202608
030304028903202608
030304029703202608
030304029707202608
030304030003202608
030305013603202608
030305013607202608
030305014403202608
030305014407202608
030306001803202608
030306001807202608
030306002603202608
030306002607202608
030306003403202608
030306003407202608
030306004203202608
030306004207202608
030306005003202608
030306005007202608
030306006903202608
030306006907202608
030306007703202608
030306007707202608
030306008503202608
030306008507202608
030306009303202608
030306009307202608
030306010703202608
030306010707202608
030306011503202608
030306011507202608
030306012303202608
030306012307202608
030306013103202608
030306013107202608
030306014003202608
030306014007202608
030306015803202608
030306015807202608
030306016603202608
030306016607202608
030306017403202608
030306017407202608
030306018203202608
030306018207202608
030306019003202608
030306019007202608
030306020403202608
030306020407202608
030306021203202608
030306021207202608
030306022001202608
030306022003202608
030306022007202608
030306023903202608
030306023907202608
030306024703202608
030306024707202608
030306025503202608
030306025507202608
030306026303202608
030306026307202608
030306027103202608
030306027107202608
030306028003202608
030306028007202608
030306029803202608
030306029807202608
030306030103202608
030306030107202608
030307006403202608
030307006407202608
030307007203202608
030307007207202608
030307008003202608
030307008007202608
030307009903202608
030307009907202608
030307010203202608
030307010207202608
030307011003202608
030307011007202608
030307012903202608
030307012907202608
030307013701202608
030308004303202608
030308004307202608
030308005103202608
030308005107202608
030308006003202608
030308006007202608
030308007803202608
030308007807202608
030308008603202608
030308008607202608
030308009403202608
030308009407202608
030309013803202608
030309013807202608
030309013809202608
030309019703202608
030309019707202608
030309019709202608
030309023503202608
030309023507202608
030309023509202608
030309031603202608
030309031607202608
030310001002202608
030310001003202608
030310001007202608
030310002802202608
030310002803202608
030310002807202608
030310003602202608
030310003603202608
030310003607202608
030310004402202608
030310004403202608
030310004407202608
030310005202202608
030310005203202608
030310005207202608
030311001503202608
030311001507202608
030311002303202608
030311002307202608
030311003103202608
030311003107202608
030311004003202608
030311004007202608
030311005803202608
030311005807202608
030311006603202608
030311006607202608
030311007403202608
030311007407202608
030311008203202608
030311008207202608
030311009003202608
030311009007202608
030311010403202608
030311010407202608
030311011203202608
030311011207202608
030313001604202608
030313002404202608
030313003204202608
030313004004202608
030313005904202608
030313006704202608
030313007504202608
030313008304202608
030314002003202608
030314002007202608
030314003803202608
030314003807202608
030314004603202608
030314004607202608
030314005403202608
030314005407202608
030314006203202608
030314006207202608
030314007003202608
030314007007202608
030314008903202608
030314008907202608
030314009703202608
030314009707202608
030314010003202608
030314010007202608
030314011903202608
030314011907202608
030314012703202608
030314012707202608
030314013503202608
030314013507202608
030314014303202608
030314014307202608
030314015103202608
030314015107202608
030315001703202608
030315001707202608
030315002503202608
030315002507202608
030315003303202608
030315003307202608
030315004103202608
030315004107202608
030315005003202608
030315005007202608
030315006803202608
030315006807202608
030316001207202608
030316002007202608
030316003907202608
030316004707202608
030316005507202608
030316006307202608
030316007107202608
030317009305202608
030317009307202608
030317010707202608
030317010714202608
030317013102202608
030317013103202608
030317013105202608
030317013107202608
030317013187202608
030317014002202608
030317014003202608
030317014005202608
030317014007202608
030317014087202608
030317015802202608
030317015803202608
030317015805202608
030317015807202608
030317015887202608
030317016602202608
030317016603202608
030317016605202608
030317016607202608
030317016687202608
030317017402202608
030317017403202608
030317017405202608
030317017407202608
030317017487202608
030317018202202608
030317018203202608
030317018205202608
030317018207202608
030317018287202608
030317019005202608
030317019007202608
030317020405202608
030317020407202608
030318001303202608
030318001307202608
030318003003202608
030318003007202608
030318004803202608
030318004807202608
030318005603202608
030318005607202608
030318006403202608
030318006407202608
030318007207202608
030318007210202608
030319001903202608
030319001907202608
030319001908202608
030401011103202608
030401011107202608
030401035903202608
030401035907202608
030401049903202608
030401049907202608
030401059603202608
030401059607202608
030408002003202608
030408002007202608
030408003903202608
030408003907202608
030408003909202608
030408004703202608
030408006303202608
030409001803202608
030409001807202608
030409002603202608
030409002607202608
030409003403202608
030409003407202608
030409004203202608
030409004207202608
030410001303202608
030410001307202608
030410001309202608
030410002103202608
030410002107202608
030501017403202608
030501017407202608
030502001303202608
030502001307202608
030502002103202608
030502002107202608
030502003003202608
030502003007202608
030502004803202608
030502004807202608
030502005603202608
030502005607202608
030701005801202608
030701005803202608
030701005807202608
030701005809202608
030702003701202608
030702003703202608
030702003707202608
030702003709202608
030702004501202608
030702004503202608
030702004507202608
030702004509202608
030702005301202608
030702005303202608
030702005307202608
030702005309202608
030702006101202608
030702006103202608
030702006107202608
030702006109202608
030702008801202608
030702008803202608
030702008807202608
030702008809202608
030702009601202608
030702009603202608
030702009607202608
030702009609202608
030702010001202608
030702010003202608
030702010007202608
030702010009202608
030702011801202608
030702011803202608
030702011807202608
030702011809202608
030703003201202608
030703003203202608
030703003207202608
030703003209202608
030704001101202608
030704001103202608
030704001107202608
030704001109202608
030704006201202608
030704006203202608
030704006207202608
030704006209202608
030704008901202608
030704008903202608
030704008907202608
030704008909202608
030801001901202608
030801001903202608
030801001907202608
030801002703202608
030801002707202608
030801003501202608
030801003503202608
030801003507202608
030801004301202608
030801004303202608
030801004307202608
030802002203202608
030802002207202608
030802003003202608
030802003007202608
030803001003202608
030803001007202608
030803002803202608
030803002807202608
030803003601202608
030803003603202608
030803003607202608
030803003683202608
030804001501202608
030804001503202608
030804001507202608
030804002303202608
030804002307202608
030901003901202608
030901003903202608
030901003907202608
030908001007202608
031001003901202608
031001003902202608
031001003903202608
031001004701202608
031001004702202608
031001004703202608
031001005502202608
040102001001202608
040102001007202608
040102001009202608
040102002901202608
040102002907202608
040102002909202608
040102003701202608
040102003707202608
040102003709202608
040102004501202608
040102004507202608
040102004509202608
040102005301202608
040102005307202608
040102005309202608
040102006101202608
040102006107202608
040102006109202608
040102007001202608
040102007007202608
040102007009202608
040102008801202608
040102008807202608
040102008809202608
040102009601202608
040102009607202608
040102009609202608
040102010001202608
040102010007202608
040102010009202608
040102011801202608
040102011807202608
040102011809202608
040102012601202608
040102012607202608
040102012609202608
040102013401202608
040102013409202608
040102014201202608
040102014207202608
040102014209202608
040102015001202608
040102015007202608
040102015009202608
040102016901202608
040102016907202608
040102016909202608
040201001901202608
040201001907202608
040201002701202608
040201002707202608
040201003501202608
040201003507202608
040201003509202608
040201004301202608
040201004307202608
040201004309202608
040201005101202608
040201005107202608
040202001401202608
040202001407202608
040202002201202608
040202002207202608
040301001201202608
040301001207202608
040301002001202608
040301002007202608
040301003901202608
040301003907202608
040301004701202608
040301004707202608
040301005501202608
040301005507202608
040301006301202608
040301006307202608
040301007101202608
040301007107202608
040301008001202608
040301008007202608
040301008009202608
040301009801202608
040301009807202608
040301010101202608
040301010107202608
040301011001202608
040301011007202608
040301012801202608
040301012807202608
040301013601202608
040301013607202608
040301014401202608
040301014407202608
040301015201202608
040301015207202608
040301016001202608
040301016007202608
040301017901202608
040301017907202608
040301018701202608
040301018707202608
040301019501202608
040301019507202608
040301020901202608
040301020907202608
040301021701202608
040301021707202608
040301022501202608
040301022507202608
040301023301202608
040301023307202608
040301024101202608
040301024107202608
040301025001202608
040301025007202608
040301026801202608
040301026807202608
040301027601202608
040301027607202608
040301028401202608
040301028407202608
040301029201202608
040301029207202608
040301030601202608
040301030607202608
040301031401202608
040301031407202608
040301032201202608
040301032207202608
040301033001202608
040301033007202608
040301034901202608
040301034907202608
040301035701202608
040301035707202608
040301036501202608
040301036507202608
040301039001202608
040301039003202608
040301039007202608
040302001801202608
040302001807202608
040302002601202608
040302002607202608
040302003401202608
040302003407202608
040302004201202608
040302004207202608
040302005001202608
040302005007202608
040302006901202608
040302006907202608
040302007701202608
040302007707202608
040302007709202608
040302008501202608
040302008507202608
040302008509202608
040302009301202608
040302009307202608
040302009309202608
040302010701202608
040302010707202608
040302011501202608
040302011507202608
040302012301202608
040302012307202608
040302012309202608
040302013101202608
040302013107202608
040303001301202608
040303001307202608
040303002101202608
040303002107202608
040303003001202608
040303003007202608
040303004801202608
040303004807202608
040303005601202608
040303005607202608
040303006401202608
040303006407202608
040303008001202608
040303008007202608
040303009901202608
040303009907202608
040303010201202608
040303010207202608
040303011001202608
040303011007202608
040303012901202608
040303012907202608
040303013701202608
040303013707202608
040303014501202608
040303014507202608
040303015301202608
040303015307202608
040303016101202608
040303016107202608
040304001901202608
040304001907202608
040304002701202608
040304002707202608
040304005101202608
040304005107202608
040304006001202608
040304006007202608
040304007801202608
040304007807202608
040304008601202608
040304008607202608
040304009401202608
040304009407202608
040304010801202608
040304010807202608
040304011601202608
040304011607202608
040304012401202608
040304012407202608
040305003001202608
040305003003202608
040305003007202608
040305004901202608
040305004907202608
040305005701202608
040305006501202608
040305006507202608
040305007301202608
040305007307202608
040305009001202608
040305009007202608
040305009009202608
040305010301202608
040305010307202608
040305010309202608
040305011101202608
040305011107202608
040305012001202608
040305012007202608
040305013801202608
040305013807202608
040305014601202608
040305014607202608
040305015401202608
040305015407202608
040305016201202608
040306001001202608
040306001007202608
040306002801202608
040306002807202608
040306003601202608
040306003607202608
040306004401202608
040306004407202608
040306005201202608
040306005207202608
040306006001202608
040306006007202608
040306007901202608
040306007907202608
040306008701202608
040306008707202608
040306009501202608
040306009507202608
040307001501202608
040307004001202608
040307004007202608
040307005801202608
040307005807202608
040307008201202608
040307009001202608
040307010401202608
040307011201202608
040307012001202608
040307013901202608
040307013907202608
040307014701202608
040307014707202608
040307015501202608
040307015507202608
040307016301202608
040307016307202608
040307017101202608
040308001001202608
040308002901202608
040308003701202608
040308004501202608
040308005301202608
040308005307202608
040308006101202608
040308007001202608
040308007007202608
040308008801202608
040308008807202608
040308009601202608
040308009607202608
040308010001202608
040401001601202608
040401001605202608
040401001609202608
040401002401202608
040401002407202608
040401002409202608
040401003201202608
040401003207202608
040401003209202608
040401004001202608
040401004007202608
040401004009202608
040401005901202608
040401005907202608
040401005909202608
040401006701202608
040401006707202608
040401006709202608
040401008301202608
040401008307202608
040401008309202608
040401010501202608
040401010507202608
040401010509202608
040401011301202608
040401011307202608
040401011309202608
040401012101202608
040401012107202608
040401012109202608
040401013001202608
040401013007202608
040401013009202608
040401014801202608
040401014807202608
040401014809202608
040401016401202608
040401016407202608
040401016409202608
040401017201202608
040401017207202608
040401018001202608
040401018007202608
040401019901202608
040401019907202608
040401020201202608
040401020207202608
040401021001202608
040401021007202608
040401021009202608
040401022901202608
040401022907202608
040401022909202608
040401023701202608
040401023707202608
040401023709202608
040401028801202608
040401028807202608
040401028809202608
040401031801202608
040401031807202608
040401031809202608
040401032601202608
040401032607202608
040401032609202608
040401033401202608
040401033407202608
040401033409202608
040401035001202608
040401035007202608
040401035009202608
040401037701202608
040401037707202608
040401037709202608
040401038501202608
040401038507202608
040401038509202608
040401040701202608
040401040707202608
040401040709202608
040401041501202608
040401041507202608
040401041509202608
040401043101202608
040401043107202608
040401045801202608
040401045807202608
040401046601202608
040401046607202608
040401046609202608
040401047401202608
040401047407202608
040401047409202608
040401048201202608
040401048207202608
040401048209202608
040401049001202608
040401049007202608
040401049009202608
040401050401202608
040401050407202608
040401050409202608
040401051201202608
040401051207202608
040401051209202608
040401052001202608
040401052007202608
040401052009202608
040401053901202608
040401053907202608
040401053909202608
040401054701202608
040401054707202608
040401055501202608
040401055507202608
040401055509202608
040401056301202608
040401056309202608
040401057101202608
040401057107202608
040401058001202608
040401058007202608
040401059801202608
040401059807202608
040401060101202608
040401060107202608
040401061001202608
040401061007202608
040401062801202608
040401062807202608
040401063601202608
040401063607202608
040401064401202608
040401064407202608
040401065201202608
040401065207202608
040402001101202608
040402001107202608
040402001109202608
040402003801202608
040402003807202608
040402003809202608
040402004601202608
040402004607202608
040402004609202608
040402006201202608
040402006207202608
040402007001202608
040402007007202608
040402007009202608
040402008901202608
040402008907202608
040402008909202608
040402010001202608
040402010003202608
040402010007202608
040402010009202608
040402011901202608
040402011907202608
040402011909202608
040402013501202608
040402013507202608
040402014301202608
040402014307202608
040402014309202608
040402017801202608
040402017807202608
040402020801202608
040402020807202608
040402020809202608
040402022401202608
040402022407202608
040402023201202608
040402023207202608
040402023209202608
040402024001202608
040402024007202608
040402024009202608
040402027501202608
040402027507202608
040402029101202608
040402029107202608
040402031301202608
040402031307202608
040402031309202608
040402032101202608
040402032107202608
040402032109202608
040402034801202608
040402034807202608
040402034809202608
040402035601202608
040402035607202608
040402035609202608
040402038001202608
040402038007202608
040402039901202608
040402039907202608
040402039909202608
040402042901202608
040402042907202608
040402042909202608
040402045301202608
040402045307202608
040402045309202608
040402046101202608
040402046107202608
040402046109202608
040402047001202608
040402047007202608
040402047009202608
040402048801202608
040402048807202608
040402048809202608
040402049601202608
040402049607202608
040402050001202608
040402050007202608
040402051801202608
040402051807202608
040402051809202608
040402052601202608
040402052607202608
040402053401202608
040402053407202608
040402054201202608
040402054207202608
040402054209202608
040402055001202608
040402055007202608
040402056901202608
040402056907202608
040402056909202608
040402057701202608
040402057707202608
040402057709202608
040402058501202608
040402058507202608
040402059301202608
040402059307202608
040402060701202608
040402060707202608
040402064001202608
040402064007202608
040402064009202608
040402065801202608
040402065807202608
040402065809202608
040402066601202608
040402066607202608
040402066609202608
040402069001202608
040402069007202608
040402070401202608
040402070407202608
040402071201202608
040402071207202608
040402071209202608
040402072001202608
040402072007202608
040402073901202608
040402073907202608
040402077101202608
040402077107202608
040402077109202608
040402078001202608
040402078007202608
040402079801202608
040402079807202608
040402079809202608
040403001701202608
040403001707202608
040403001709202608
040403003301202608
040403003307202608
040403004101202608
040403004107202608
040403004109202608
040403005001202608
040403005007202608
040403005009202608
040403006801202608
040403006807202608
040403006809202608
040403007601202608
040403007607202608
040403007609202608
040403008401202608
040403008407202608
040403008409202608
040403010601202608
040403010607202608
040403010609202608
040403012201202608
040403012207202608
040403012209202608
040403013001202608
040403013007202608
040403013009202608
040403015701202608
040403015707202608
040403015709202608
040403016501202608
040403016507202608
040403016509202608
040403017301202608
040403017307202608
040403017309202608
040403019001202608
040403019007202608
040403019009202608
040403022001202608
040403022007202608
040403022009202608
040403024601202608
040403024607202608
040403024609202608
040403025401202608
040403025407202608
040403025409202608
040403026201202608
040403026207202608
040403026209202608
040403027001202608
040403027007202608
040403027009202608
040403028901202608
040403028907202608
040403029701202608
040403029707202608
040403030001202608
040403030007202608
040403031901202608
040403031907202608
040403031909202608
040403032701202608
040403032707202608
040501001001202608
040501001007202608
040501001009202608
040501002801202608
040501002807202608
040501002809202608
040501003601202608
040501003607202608
040501003609202608
040501007901202608
040501007907202608
040501007909202608
040501008701202608
040501008707202608
040501008709202608
040501011701202608
040501011707202608
040501011709202608
040501012501202608
040501012507202608
040501012509202608
040501013301202608
040501013307202608
040501013309202608
040501015001202608
040501015007202608
040501015009202608
040501017601202608
040501017607202608
040501017609202608
040502001501202608
040502001507202608
040502001509202608
040502002301202608
040502002307202608
040502002309202608
040503001001202608
040503001007202608
040503001009202608
040503002901202608
040503002907202608
040503002909202608
040503007001202608
040503007007202608
040503007009202608
040503009601202608
040503009607202608
040503009609202608
040503011801202608
040503011807202608
040503011809202608
040503013401202608
040503013407202608
040503013409202608
040503014201202608
040503014207202608
040503014209202608
040503016901202608
040503016907202608
040503016909202608
040503017701202608
040503017707202608
040503017709202608
040503018501202608
040503018507202608
040503019301202608
040503019307202608
040503020701202608
040503020707202608
040503020709202608
040504001601202608
040504001607202608
040504001609202608
040504002401202608
040504002407202608
040504002409202608
040504004001202608
040504004007202608
040504004009202608
040504005901202608
040504005907202608
040504005909202608
040504006701202608
040504006707202608
040504006709202608
040504007501202608
040504007507202608
040504007509202608
040504008301202608
040504008307202608
040504008309202608
040504009101202608
040504009107202608
040504009109202608
040504010501202608
040504010507202608
040504010509202608
040504014801202608
040504014807202608
040504014809202608
040504015601202608
040504015607202608
040504015609202608
040504016401202608
040504016407202608
040504016409202608
040504018001202608
040504018007202608
040504020201202608
040504020207202608
040504020209202608
040504021001202608
040504021007202608
040504021009202608
040505001101202608
040505001107202608
040505001109202608
040505004601202608
040505004607202608
040505004609202608
040505005401202608
040505005407202608
040505005409202608
040505009701202608
040505009707202608
040505009709202608
040505010001202608
040505010007202608
040505010009202608
040505011901202608
040505011907202608
040505011909202608
040505013501202608
040505013507202608
040505013509202608
040505014301202608
040505014307202608
040505014309202608
040505015101202608
040505015107202608
040505015109202608
040505018601202608
040505018607202608
040505018609202608
040505021601202608
040505021607202608
040505021609202608
040505022401202608
040505022407202608
040505022409202608
040505023201202608
040505023207202608
040505023209202608
040505031301202608
040505031307202608
040505031309202608
040505032101202608
040505032107202608
040505032109202608
040505035601202608
040505035607202608
040505035609202608
040505037201202608
040505037207202608
040505037209202608
040505038001202608
040505038007202608
040505038009202608
040505039901202608
040505039907202608
040505039909202608
040505040201202608
040505040209202608
040601001301202608
040601001307202608
040601002101202608
040601003001202608
040601004801202608
040601005601202608
040601006401202608
040601007201202608
040601007207202608
040601008001202608
040601009901202608
040601010201202608
040601010207202608
040601011001202608
040601011007202608
040601013701202608
040601013707202608
040601015301202608
040601015307202608
040601016101202608
040601017001202608
040601017007202608
040601018801202608
040601019601202608
040601019607202608
040601020001202608
040601020007202608
040601021801202608
040601021807202608
040601022601202608
040601022607202608
040601023401202608
040601024201202608
040601025001202608
040601025007202608
040601026901202608
040601026907202608
040601027701202608
040601027707202608
040601028501202608
040601028507202608
040601029301202608
040601030701202608
040601031501202608
040601032301202608
040601033101202608
040601033107202608
040601034001202608
040601035801202608
040601036601202608
040601036607202608
040601037401202608
040601037407202608
040601038201202608
040601039001202608
040601039007202608
040601040401202608
040601041201202608
040601041207202608
040601042001202608
040601042007202608
040601043901202608
040601044701202608
040601044707202608
040601045501202608
040601046301202608
040601046307202608
040601047101202608
040601047107202608
040601048001202608
040601049801202608
040601049807202608
040601050101202608
040601051001202608
040601051007202608
040601052801202608
040601052807202608
040601053601202608
040601054401202608
040601055201202608
040601056001202608
040601056007202608
040601056009202608
040601057901202608
040601058701202608
040601058709202608
040601059501202608
040601060901202608
040601061701202608
040601062501202608
040601063301202608
040601063309202608
040601064101202608
040601064107202608
040601064109202608
040601065001202608
040601065009202608
040601066801202608
040601066807202608
040601066809202608
040601067601202608
040601067607202608
040601067609202608
040601068401202608
040601068407202608
040601068409202608
040601069201202608
040601069207202608
040601070601202608
040601071401202608
040601071407202608
040601071409202608
040601073001202608
040601075701202608
040601075707202608
040601076501202608
040601076507202608
040601077301202608
040601077307202608
040601078101202608
040601078107202608
040601079001202608
040601079009202608
040601080301202608
040601080307202608
040601081101202608
040601082001202608
040601082007202608
040601083801202608
040601084601202608
040601085401202608
040601085409202608
040601086201202608
040601086209202608
040601087001202608
040601087009202608
040601088901202608
040601089701202608
040601090001202608
040601090007202608
040601091901202608
040601091907202608
040601091909202608
040601092701202608
040601093501202608
040601094301202608
040601095101202608
040601096001202608
040601096003202608
040601096007202608
040601097801202608
040601097803202608
040601097807202608
040601098601202608
040601099401202608
040601100101202608
040601100109202608
040601101001202608
040601101009202608
040601102801202608
040601102809202608
040601103601202608
040601103609202608
040601104401202608
040601104407202608
040601104409202608
040601105201202608
040601105209202608
040601107901202608
040601108701202608
040601108709202608
040601109501202608
040601109509202608
040601110901202608
040601110909202608
040601111701202608
040601111709202608
040601112501202608
040601112509202608
040601113301202608
040601113307202608
040601113309202608
040601114101202608
040601114109202608
040601115001202608
040601115007202608
040601115009202608
040601116801202608
040601116809202608
040601117601202608
040601117609202608
040601118401202608
040601118409202608
040601119201202608
040601119209202608
040601120601202608
040601121401202608
040601121407202608
040601122201202608
040601122207202608
040601123001202608
040601124901202608
040601125701202608
040601126501202608
040601126507202608
040601127301202608
040601127307202608
040601128101202608
040601128107202608
040601129001202608
040601129007202608
040601130301202608
040601130307202608
040601131101202608
040601131107202608
040601132001202608
040601132007202608
040601133801202608
040601133807202608
040601134601202608
040601134607202608
040601135401202608
040601135407202608
040601136201202608
040601136207202608
040601137001202608
040601137007202608
040601138901202608
040601138907202608
040601139701202608
040601139707202608
040601140001202608
040601140007202608
040601141901202608
040601141907202608
040601142701202608
040601142707202608
040601143501202608
040601143507202608
040601144301202608
040601144307202608
040601145101202608
040601145107202608
040601146001202608
040601146007202608
040601147801202608
040601147807202608
040601148601202608
040601148607202608
040601149401202608
040601149407202608
040601150801202608
040601150807202608
040601151601202608
040601151607202608
040602001901202608
040602001907202608
040602002701202608
040602002707202608
040602003501202608
040602003507202608
040602004301202608
040602004307202608
040602005101202608
040602005107202608
040602007801202608
040602007807202608
040602007809202608
040602010801202608
040602011601202608
040602011607202608
040602011609202608
040602012401202608
040602012407202608
040602015901202608
040602015907202608
040602015909202608
040602016701202608
040602016707202608
040602016709202608
040602019101202608
040602019107202608
040602021301202608
040602022101202608
040602023001202608
040602024801202608
040602024807202608
040602025601202608
040602025607202608
040602026401202608
040602026407202608
040602027201202608
040602027207202608
040602028001202608
040602028007202608
040602030201202608
040602030207202608
040602031001202608
040602031007202608
040602032901202608
040602032907202608
040602033701202608
040602033707202608
040602034501202608
040602034507202608
040602035301202608
040602035307202608
040602036101202608
040602036107202608
040602037001202608
040602037007202608
040602038801202608
040602038807202608
040602039601202608
040602039607202608
040602040001202608
040602040007202608
040602041801202608
040602041807202608
040602042601202608
040602042607202608
040602043401202608
040602043407202608
040602044201202608
040602044207202608
040602045001202608
040602046901202608
040602046907202608
040602047701202608
040602047707202608
040602048501202608
040602048507202608
040602049301202608
040602049307202608
040602050701202608
040602050707202608
040602051501202608
040602051507202608
040602052301202608
040602053101202608
040602053107202608
040602054001202608
040602054007202608
040602055801202608
040602055807202608
040602056601202608
040602056607202608
040602056609202608
040602057401202608
040602057407202608
040602057409202608
040602058201202608
040602058207202608
040602059001202608
040602059007202608
040602060401202608
040602060407202608
040602060409202608
040602062001202608
040602062003202608
040602062007202608
040602062009202608
040603001401202608
040603002201202608
040603003001202608
040603004901202608
040603005701202608
040603005707202608
040603006501202608
040603007301202608
040603008101202608
040603008107202608
040603009001202608
040603009007202608
040603010301202608
040603010307202608
040603011101202608
040603011107202608
040603012001202608
040603012007202608
040603013801202608
040603013807202608
040603014601202608
040603014607202608
040603015401202608
040603015407202608
040603016201202608
040604001001202608
040604001007202608
040604002801202608
040604002807202608
040604004401202608
040604004407202608
040604005201202608
040604005207202608
040604006001202608
040604006007202608
040604007901202608
040604007907202608
040604008701202608
040604009501202608
040604010901202608
040604010907202608
040604011701202608
040604011707202608
040604012501202608
040604012507202608
040604013301202608
040604014101202608
040604014107202608
040604015001202608
040604016801202608
040604017601202608
040604018401202608
040604019201202608
040604019207202608
040604020601202608
040604020607202608
040604020609202608
040604021401202608
040604021407202608
040604022201202608
040604022207202608
040604023001202608
040604023007202608
040604024901202608
040604024907202608
040604025701202608
040604025707202608
040604025709202608
040604026501202608
040604026507202608
040604027301202608
040604027307202608
040604027309202608
040604028101202608
040604029001202608
040604029007202608
040604029009202608
040604030301202608
040604030307202608
040604030309202608
040604031101202608
040604031107202608
040604031109202608
040604032001202608
040604032007202608
040604033801202608
040604033807202608
040605001501202608
040605001507202608
040605001509202608
040605002301202608
040605002307202608
040605002309202608
040605003101202608
040605003107202608
040605003109202608
040605004001202608
040605004007202608
040605004009202608
040605005801202608
040605005807202608
040605005809202608
040605006601202608
040605006607202608
040605006609202608
040605007401202608
040605007407202608
040605007409202608
040605008201202608
040605008207202608
040605008209202608
040605009001202608
040605009007202608
040605010401202608
040605010407202608
040605011201202608
040605012001202608
040605012007202608
040605012009202608
040605013901202608
040605013907202608
040605013909202608
040701001701202608
040701001707202608
040701003301202608
040701003307202608
040701004101202608
040701005001202608
040701005007202608
040701006801202608
040701006807202608
040701007601202608
040701008401202608
040701008407202608
040701009201202608
040701009207202608
040701010601202608
040701010607202608
040701011401202608
040701011407202608
040701012201202608
040701013001202608
040701014901202608
040701015701202608
040701015707202608
040701016501202608
040701016507202608
040701017301202608
040701018101202608
040701019001202608
040701019007202608
040701020301202608
040701020307202608
040701021101202608
040701021107202608
040701021109202608
040701022001202608
040701022007202608
040701022009202608
040701023801202608
040701023807202608
040701027001202608
040701027007202608
040701028901202608
040701029701202608
040701029707202608
040701030001202608
040701033501202608
040701033507202608
040701034301202608
040701034307202608
040701035101202608
040701035107202608
040701036001202608
040701037801202608
040701038601202608
040702001201202608
040702002001202608
040702003901202608
040702003907202608
040702004701202608
040702004707202608
040702006301202608
040702006307202608
040702007101202608
040702007107202608
040702008001202608
040702008007202608
040702009801202608
040702009807202608
040702010101202608
040702010107202608
040702011001202608
040702011007202608
040702011009202608
040702013601202608
040702013607202608
040702013609202608
040702014401202608
040702014407202608
040702014409202608
040702015201202608
040702015207202608
040702017901202608
040702017907202608
040702018701202608
040702018707202608
040702019501202608
040702019507202608
040702020901202608
040702020907202608
040702021701202608
040702021709202608
040702022501202608
040702022507202608
040702022509202608
040702023301202608
040702023307202608
040702024101202608
040702024107202608
040702025001202608
040702025007202608
040702026801202608
040702026807202608
040702026809202608
040702027601202608
040702027607202608
040702027609202608
040702028401202608
040702028407202608
040702028409202608
040702029201202608
040702029207202608
040702030601202608
040702030607202608
040702032201202608
040702032207202608
040702032209202608
040702033001202608
040702034901202608
040702035701202608
040702036501202608
040702036507202608
040702038101202608
040702038107202608
040702040301202608
040702040307202608
040702041101202608
040702041107202608
040702042001202608
040702042007202608
040702043801202608
040702043807202608
040702044601202608
040702044607202608
040702045401202608
040702045407202608
040702045409202608
040702046201202608
040702046207202608
040702047001202608
040702047007202608
040702047009202608
040703001801202608
040703001807202608
040703002601202608
040703002607202608
040703003401202608
040703003407202608
040703003409202608
040703004201202608
040703004207202608
040703005001202608
040703005007202608
040703006901202608
040703006907202608
040703007701202608
040703007707202608
040703007709202608
040703012301202608
040703012307202608
040703013101202608
040703013107202608
040703014001202608
040703014007202608
040703015801202608
040703015807202608
040703016601202608
040703016607202608
040703017401202608
040703017407202608
040703018201202608
040703018207202608
040703019001202608
040703019007202608
040703020401202608
040703021201202608
040703022001202608
040703024701202608
040703025501202608
040703025507202608
040704001301202608
040704001307202608
040704002101202608
040704002107202608
040704003001202608
040704003007202608
040704004801202608
040704004807202608
040704005601202608
040704005607202608
040704006401202608
040704006407202608
040704006409202608
040704007201202608
040704007207202608
040704007209202608
040704008001202608
040704008007202608
040704008009202608
040704009901202608
040704009907202608
040704009909202608
040704010201202608
040704010207202608
040704010209202608
040704011001202608
040704011007202608
040704011009202608
040704012901202608
040704012907202608
040704012909202608
040704013701202608
040704013707202608
040704013709202608
040704014501202608
040704014507202608
040704014509202608
040704015301202608
040704015307202608
040704015309202608
040704016101202608
040704016107202608
040704017001202608
040704017007202608
040704017009202608
040704018801202608
040704018807202608
040704020001202608
040704020007202608
040704022601202608
040704022607202608
040704022609202608
040704023401202608
040704023407202608
040704024201202608
040704024207202608
040704025001202608
040704025007202608
040704026901202608
040704026907202608
040801001001202608
040801001007202608
040801002901202608
040801002907202608
040801003701202608
040801003707202608
040801004501202608
040801005301202608
040801006101202608
040801007001202608
040801007007202608
040801008801202608
040801008807202608
040801009601202608
040801009607202608
040801009609202608
040801010001202608
040801010007202608
040801010009202608
040801011801202608
040801011807202608
040801011809202608
040801013401202608
040801013407202608
040801013409202608
040801014201202608
040801014207202608
040801014209202608
040801015001202608
040801015007202608
040801015009202608
040801016901202608
040801016907202608
040801017701202608
040801017707202608
040801018501202608
040801018507202608
040801018509202608
040801019301202608
040801019307202608
040801020701202608
040801020707202608
040801020709202608
040801021501202608
040801021509202608
040801022301202608
040801022307202608
040801022309202608
040801023101202608
040801023109202608
040802001601202608
040802001607202608
040802002401202608
040802002407202608
040802003201202608
040802003207202608
040802004001202608
040802005901202608
040802006701202608
040802007501202608
040802008301202608
040802009101202608
040802010501202608
040802010507202608
040802010509202608
040802011301202608
040802011307202608
040802012101202608
040802012107202608
040802012109202608
040802013001202608
040802013007202608
040802014801202608
040802014807202608
040802014809202608
040802015601202608
040802015607202608
040802016401202608
040802016407202608
040802016409202608
040802017201202608
040802017207202608
040802017209202608
040802018001202608
040802018007202608
040802018009202608
040802019901202608
040802019907202608
040802019909202608
040802020201202608
040802020207202608
040802020209202608
040802021001202608
040802021007202608
040802022901202608
040802022907202608
040802022909202608
040802024501202608
040802024507202608
040802024509202608
040802025301202608
040802025307202608
040802026101202608
040802026107202608
040802027001202608
040802027007202608
040802028801202608
040802028807202608
040802029601202608
040802029607202608
040802029609202608
040802030001202608
040802030007202608
040802030009202608
040802031801202608
040802031807202608
040802031809202608
040802032601202608
040802032607202608
040802032609202608
040802033401202608
040802033407202608
040802034201202608
040802034207202608
040802034209202608
040802035001202608
040802035007202608
040802036901202608
040802036907202608
040802037701202608
040802037707202608
040802037709202608
040802038501202608
040802038507202608
040802039301202608
040802039307202608
040802040701202608
040802040707202608
040802041501202608
040802041507202608
040802042301202608
040802042307202608
040802043101202608
040802043107202608
040802044001202608
040802044007202608
040802044009202608
040802045801202608
040802045807202608
040802046601202608
040802046607202608
040802047401202608
040802047407202608
040802047409202608
040802048201202608
040802048207202608
040802048209202608
040802049001202608
040802049007202608
040802049009202608
040802050401202608
040802050407202608
040802050409202608
040802051201202608
040802051207202608
040802051209202608
040802052001202608
040802052007202608
040802052009202608
040802053901202608
040802053907202608
040802053909202608
040802054701202608
040802054707202608
040802055501202608
040802055507202608
040802055509202608
040802056301202608
040802056307202608
040802057101202608
040802057107202608
040802058001202608
040802058007202608
040802059801202608
040802059807202608
040802059809202608
040802060101202608
040802060107202608
040802060109202608
040802061001202608
040802061007202608
040802061009202608
040802062801202608
040802062807202608
040802062809202608
040802063601202608
040802063607202608
040802063609202608
040802064401202608
040802064407202608
040802064409202608
040803001101202608
040803001107202608
040803002001202608
040803002007202608
040803003801202608
040803003807202608
040803004601202608
040803005401202608
040803005407202608
040803006201202608
040803006207202608
040803007001202608
040803007007202608
040803008901202608
040803008907202608
040803009701202608
040803009707202608
040803010001202608
040803010007202608
040803011901202608
040803011907202608
040803012701202608
040803012707202608
040803013501202608
040803014301202608
040803015101202608
040803016001202608
040803017801202608
040803017807202608
040803018601202608
040803019401202608
040803020801202608
040803021601202608
040803022401202608
040803023201202608
040803023207202608
040803024001202608
040803024007202608
040803025901202608
040803025907202608
040803026701202608
040803026707202608
040803027501202608
040803027507202608
040803028301202608
040803028307202608
040803029101202608
040803029107202608
040803030501202608
040803030507202608
040803031301202608
040803031307202608
040803032101202608
040803032107202608
040803033001202608
040803033007202608
040803034801202608
040803034807202608
040803035601202608
040803036401202608
040803036407202608
040803037201202608
040803037207202608
040803038001202608
040803038007202608
040803039901202608
040803039907202608
040803040201202608
040803040207202608
040803041001202608
040803041007202608
040803042901202608
040803042907202608
040803043701202608
040803043707202608
040803044501202608
040803044507202608
040803045301202608
040803045307202608
040803046101202608
040803046107202608
040803047001202608
040803047007202608
040803050001202608
040803050007202608
040803051801202608
040803051807202608
040803052601202608
040803052607202608
040803053401202608
040803053407202608
040803054201202608
040803054207202608
040803055001202608
040803055007202608
040803056901202608
040803056907202608
040803057701202608
040803057707202608
040803058501202608
040803058507202608
040803059301202608
040803059307202608
040803060701202608
040803060707202608
040803061501202608
040803061507202608
040803062301202608
040803062307202608
040803063101202608
040803063107202608
040803064001202608
040803064007202608
040803065801202608
040803065807202608
040803066601202608
040803066607202608
040803067401202608
040803067407202608
040803068201202608
040803068207202608
040803069001202608
040803069007202608
040803070401202608
040803071201202608
040803071207202608
040803072001202608
040803072007202608
040803073901202608
040803073907202608
040803074701202608
040803074707202608
040803075501202608
040803075507202608
040803075509202608
040803076301202608
040803076307202608
040803077101202608
040803077107202608
040803078001202608
040803079801202608
040803080101202608
040803080107202608
040803081001202608
040803081007202608
040803082801202608
040803082807202608
040803083601202608
040803083607202608
040803084401202608
040803084407202608
040803085201202608
040803085207202608
040803086001202608
040803086007202608
040803087901202608
040803087907202608
040803088701202608
040803088707202608
040803089501202608
040803089507202608
040803090901202608
040803090907202608
040803091701202608
040803091707202608
040804001701202608
040804001707202608
040804002501202608
040804002507202608
040804003301202608
040804003307202608
040804004101202608
040804004107202608
040804005001202608
040804006801202608
040804007601202608
040804008401202608
040804009201202608
040804010601202608
040804010607202608
040804011401202608
040804011407202608
040804012201202608
040804012207202608
040804013001202608
040804013007202608
040804014901202608
040804014907202608
040804015701202608
040804015707202608
040804016501202608
040804016507202608
040804017301202608
040804017307202608
040804018101202608
040804018107202608
040804018109202608
040804019001202608
040804019007202608
040804019009202608
040804020301202608
040804020307202608
040804022001202608
040804022007202608
040804023801202608
040804023807202608
040804024601202608
040804024607202608
040804025401202608
040804025407202608
040804026201202608
040804026207202608
040804027001202608
040804027007202608
040804028901202608
040804028907202608
040804029701202608
040804029707202608
040804030001202608
040804030007202608
040804031901202608
040804031907202608
040804032701202608
040804032707202608
040804033501202608
040804033507202608
040804034301202608
040804034307202608
040805001201202608
040805001207202608
040805002001202608
040805002007202608
040805003901202608
040805003907202608
040805004701202608
040805004707202608
040805005501202608
040805006301202608
040805007101202608
040805008001202608
040805008007202608
040805010101202608
040805010107202608
040805011001202608
040805011007202608
040805012801202608
040805012807202608
040805013601202608
040805013607202608
040805014401202608
040805014407202608
040805014409202608
040805015201202608
040805015207202608
040805016001202608
040805016007202608
040805016009202608
040805017901202608
040805017907202608
040805019501202608
040805019507202608
040805019509202608
040805020901202608
040805020907202608
040805020909202608
040805021701202608
040805021707202608
040805021709202608
040805022501202608
040805022507202608
040805022509202608
040805023301202608
040805023307202608
040805024101202608
040805024107202608
040805024109202608
040805025001202608
040805025007202608
040805025009202608
040805026801202608
040805026807202608
040805026809202608
040805027601202608
040805027607202608
040805027609202608
040805028401202608
040805028407202608
040805028409202608
040805029201202608
040805029207202608
040805029209202608
040805030601202608
040805030607202608
040805031401202608
040805031407202608
040805032201202608
040805032207202608
040805032209202608
040805033001202608
040805033007202608
040805034901202608
040805034907202608
040805034909202608
040805035701202608
040805035707202608
040805035709202608
040805036501202608
040805036507202608
040805037301202608
040805037307202608
040805037309202608
040805038101202608
040805038107202608
040805039001202608
040805039007202608
040805039009202608
040805040301202608
040805041101202608
040805041107202608
040805042001202608
040805042007202608
040805043801202608
040805043807202608
040805044601202608
040805044607202608
040805044609202608
040805045401202608
040805045407202608
040805046201202608
040805046207202608
040805047001202608
040805047007202608
040805048901202608
040805048907202608
040805049701202608
040805049707202608
040805050001202608
040805050007202608
040805051901202608
040805051907202608
040805052701202608
040805052707202608
040805053501202608
040805053507202608
040805054301202608
040805054307202608
040805055101202608
040805055107202608
040805056001202608
040805056007202608
040805057801202608
040805057807202608
040805058601202608
040805058607202608
040805059401202608
040805059407202608
040805060801202608
040805060807202608
040805061601202608
040805061607202608
040805062401202608
040805062407202608
040805063201202608
040805063207202608
040805064001202608
040805064007202608
040805064009202608
040805065901202608
040805065907202608
040805065909202608
040805066701202608
040805066709202608
040805067501202608
040805067507202608
040805068301202608
040805068307202608
040805069101202608
040805069107202608
040805069109202608
040805070501202608
040805070507202608
040805071301202608
040805071307202608
040805072101202608
040805072107202608
040805073001202608
040805073007202608
040805073009202608
040805074801202608
040805074807202608
040805074809202608
040805075601202608
040805075607202608
040805075609202608
040805076401202608
040805076407202608
040805076409202608
040805077201202608
040805077207202608
040805078001202608
040805078007202608
040805079901202608
040805079907202608
040805080201202608
040805080207202608
040805081001202608
040805081007202608
040805082901202608
040805082907202608
040805082909202608
040805083701202608
040805083707202608
040805084501202608
040805084507202608
040805085301202608
040805085307202608
040805086101202608
040805086107202608
040805087001202608
040805087007202608
040805088801202608
040805088807202608
040805088809202608
040805089601202608
040805089607202608
040805089609202608
040805090001202608
040805091801202608
040805091807202608
040805091809202608
040805092601202608
040805092607202608
040805092609202608
040806001801202608
040806001807202608
040806001809202608
040806002601202608
040806002607202608
040806003401202608
040806003407202608
040806004201202608
040806004207202608
040806004209202608
040806005001202608
040806005007202608
040806005009202608
040806006901202608
040806006907202608
040806007701202608
040806007707202608
040806008501202608
040806008507202608
040806008509202608
040806009301202608
040806009307202608
040806010701202608
040806010707202608
040806011501202608
040806011507202608
040806011509202608
040806012301202608
040806012307202608
040806012309202608
040806013101202608
040806013107202608
040806013109202608
040806014001202608
040806014007202608
040806014009202608
040806015801202608
040806015807202608
040806015809202608
040806016601202608
040806016607202608
040806017401202608
040806017407202608
040806018201202608
040806018207202608
040806019001202608
040806019007202608
040806020401202608
040806020407202608
040806020409202608
040806021201202608
040806021207202608
040806021209202608
040806023901202608
040806023907202608
040806024701202608
040806024707202608
040806025501202608
040806025507202608
040806026301202608
040806026307202608
040806027101202608
040806027107202608
040806028001202608
040806028007202608
040806029801202608
040806029807202608
040806029809202608
040806030101202608
040806030107202608
040806030109202608
040806031001202608
040806031007202608
040806031009202608
040806032801202608
040806032807202608
040806032809202608
040806033601202608
040806033607202608
040806033609202608
040806034401202608
040806034407202608
040806034409202608
040806035201202608
040806035207202608
040806035209202608
040806036001202608
040806036007202608
040806036009202608
040806037901202608
040806037907202608
040806037909202608
040806038701202608
040806038707202608
040806039501202608
040806039507202608
040806039509202608
040806040901202608
040806040907202608
040806040909202608
040806041701202608
040806041707202608
040806041709202608
040806042501202608
040806042507202608
040806042509202608
040806043301202608
040806043307202608
040806043309202608
040806044101202608
040806044107202608
040806044109202608
040806045001202608
040806045007202608
040806045009202608
040806046801202608
040806046807202608
040806046809202608
040806047601202608
040806047607202608
040806047609202608
040806048401202608
040806048407202608
040806048409202608
040806049201202608
040806049207202608
040806050601202608
040806050607202608
040806051401202608
040806051407202608
040806052201202608
040806052207202608
040806053001202608
040806053007202608
040806053009202608
040806054901202608
040806054907202608
040806054909202608
040806055701202608
040806055707202608
040806056501202608
040806056507202608
040806056509202608
040806057301202608
040806057307202608
040806057309202608
040806058101202608
040806058107202608
040806058109202608
040806059001202608
040806059007202608
040806060301202608
040806060307202608
040806060309202608
040806061101202608
040806062001202608
040806062007202608
040806063801202608
040806063807202608
040806063809202608
040806064601202608
040806064607202608
040806066201202608
040806066207202608
040806067001202608
040806067007202608
040806067009202608
040806069701202608
040806069707202608
040806070001202608
040806070007202608
040806070009202608
040901001401202608
040901001407202608
040901002201202608
040901002207202608
040901003001202608
040901003007202608
040901004901202608
040901004907202608
040901005701202608
040901005707202608
040901006501202608
040901006507202608
040901006509202608
040901007301202608
040901007307202608
040901008101202608
040901008107202608
040901009001202608
040901009007202608
040901009009202608
040901012001202608
040901012007202608
040901012009202608
040901013801202608
040901013807202608
040901014601202608
040901014607202608
040901014609202608
040901017001202608
040901017007202608
040901017009202608
040901018901202608
040901018907202608
040901019701202608
040901019707202608
040901020001202608
040901020007202608
040901021901202608
040901022701202608
040901022707202608
040901023501202608
040901023507202608
040901024301202608
040901024307202608
040901025101202608
040901025107202608
040901026001202608
040901026007202608
040901028601202608
040901028607202608
040901029401202608
040901029407202608
040901030801202608
040901030807202608
040901031601202608
040901031607202608
040901032401202608
040901032407202608
040901033201202608
040901033207202608
040901034001202608
040901034007202608
040901036701202608
040901036707202608
040901037501202608
040901037507202608
040901037509202608
040901038301202608
040901038307202608
040901038309202608
040901039101202608
040901039107202608
040901039109202608
040901040501202608
040901040507202608
040901041301202608
040901041307202608
040901043001202608
040901043007202608
040901043009202608
040901045601202608
040901045607202608
040901046401202608
040901046407202608
040901047201202608
040901047207202608
040901048001202608
040901048007202608
040901048009202608
040901049901202608
040901050201202608
040901050207202608
040901051001202608
040901051007202608
040901051009202608
040901052901202608
040901052907202608
040901053701202608
040901053707202608
040901054501202608
040901054507202608
040901055301202608
040901055307202608
040901056101202608
040901056107202608
040901057001202608
040901057007202608
040901058801202608
040901058807202608
040901059601202608
040901059607202608
040901059609202608
040902001001202608
040902001007202608
040902001009202608
040902002801202608
040902002807202608
040902002809202608
040902004401202608
040902004407202608
040902004409202608
040902005201202608
040902005207202608
040902007901202608
040902007907202608
040902007909202608
040902008701202608
040902008707202608
040902008709202608
040902009501202608
040902009507202608
040902009509202608
040902010901202608
040902010907202608
040902010909202608
040902012501202608
040902012507202608
040902012509202608
040902013301202608
040902013307202608
040902013309202608
040902014101202608
040902014107202608
040902014109202608
040902015001202608
040902015007202608
040902015009202608
040902016801202608
040902016807202608
040902016809202608
040902017601202608
040902017607202608
040902017609202608
040903001501202608
040903001509202608
040903002301202608
040903003101202608
040903004001202608
040903005801202608
040904001001202608
040904001007202608
040904001009202608
040904003701202608
040904003707202608
040904003709202608
040904004501202608
040904004507202608
040904005301202608
040904005307202608
040904005309202608
040904007001202608
040904007007202608
040904007009202608
040904008801202608
040904008807202608
040904008809202608
040904009601202608
040904009607202608
040904009609202608
040904011801202608
040904011807202608
040904011809202608
040904012601202608
040904012607202608
040904012609202608
040904013401202608
040904013407202608
040904013409202608
040904014201202608
040904014209202608
040904015001202608
040904015007202608
040904015009202608
040904016901202608
040904016907202608
040904016909202608
040904017701202608
040904017707202608
040904017709202608
040904018501202608
040904018507202608
040904018509202608
040904019301202608
040904019307202608
040904019309202608
040904020701202608
040904020707202608
040904020709202608
040904021501202608
040904021507202608
040904021509202608
040904022301202608
040904022309202608
040904023101202608
040904023107202608
040904023109202608
040904024001202608
040904024009202608
040905001601202608
040905001607202608
040905002401202608
040905002407202608
040905002409202608
040905003201202608
040905003209202608
040905004001202608
040905004007202608
040905004009202608
040905007501202608
040905007507202608
040905007509202608
040905008301202608
040905008307202608
040905008309202608
040905009101202608
040905009107202608
040905009109202608
040905010501202608
040905010507202608
040905010509202608
040905011301202608
040905011307202608
040905011309202608
040905013001202608
040905014801202608
040905016401202608
040906001101202608
040906001102202608
040906001107202608
040906001109202608
040906002001202608
040906003801202608
040906003809202608
040906004601202608
040906004607202608
040906004609202608
040906005401202608
040906005402202608
040906005409202608
040906007001202608
040906007002202608
040906007009202608
040906010001202608
040906010007202608
040906011901202608
040906011907202608
040906012701202608
040906012707202608
040906013501202608
040906013507202608
040906014301202608
040906014307202608
040906015101202608
040906015107202608
040906016001202608
040906016007202608
040906017801202608
040906017807202608
040906017809202608
040906018601202608
040906018609202608
040906019401202608
040906019407202608
040906019409202608
040906020801202608
040906020807202608
040906020809202608
040906021601202608
040906021607202608
040906021609202608
040906022401202608
040906022407202608
040906022409202608
040906023201202608
040906023202202608
040906023207202608
040906023209202608
040906024001202608
040906024002202608
040906024007202608
040906024009202608
040906025901202608
040906025902202608
040906025907202608
040906025909202608
040906026701202608
040906026702202608
040906026707202608
040906026709202608
040906027501202608
040906027507202608
040906027509202608
040906028301202608
040906028307202608
040906029101202608
040906031301202608
040906031302202608
040907001701202608
040907001709202608
040907002501202608
040907002509202608
040907003301202608
040907003309202608
040907004101202608
040907004109202608
040907005001202608
040907006801202608
040907006809202608
040907007601202608
040907007609202608
040907008401202608
040907008409202608
040907009201202608
040907009207202608
040907009209202608
040907010601202608
040907010607202608
040907010609202608
040907011401202608
040907011407202608
040907013001202608
040907013007202608
040907013009202608
040907014901202608
040907014907202608
040907014909202608
040907015701202608
040907015707202608
040907015709202608
040907019001202608
040907019009202608
040907020301202608
040907021101202608
040907021107202608
040907022001202608
040907022007202608
040907022009202608
040907023801202608
040907023807202608
040907024601202608
040907024607202608
040907025401202608
040907025407202608
040907026201202608
040907026207202608
040907026209202608
040907027001202608
040907027009202608
040907028901202608
040907028907202608
040907028909202608
040907029701202608
040907030001202608
040907030009202608
040907031901202608
041001001401202608
041001001407202608
041001001409202608
041001005701202608
041001006501202608
041001006507202608
041001006509202608
041001007301202608
041001007307202608
041001007309202608
041001008101202608
041001008107202608
041001008109202608
041001009001202608
041001009009202608
041001011101202608
041001011107202608
041001011109202608
041001012001202608
041001012007202608
041001013801202608
041001014601202608
041001015401202608
041001016201202608
041001019701202608
041001020001202608
041001021901202608
041101001801202608
041101001802202608
041101001809202608
041101002601202608
041101002602202608
041101003401202608
041101003402202608
041101004201202608
041101004202202608
041101005001202608
041101005002202608
041101005009202608
041101007701202608
041101007702202608
041101007709202608
041101008501202608
041101008502202608
041102001301202608
041102001302202608
041102001309202608
041102002101202608
041102002102202608
041102002109202608
041102003001202608
041102003002202608
041102004801202608
041102004802202608
041201001101202608
041201001107202608
041201002001202608
041201002007202608
041201003801202608
041201003807202608
041201003809202608
041201004601202608
041201004607202608
041201004609202608
041201007001202608
041201007007202608
041201008901202608
041201008907202608
041201009701202608
041201009707202608
041201010001202608
041201010007202608
041201011901202608
041201011907202608
041201013501202608
041201013507202608
041201014301202608
041201014307202608
041202001701202608
041202001707202608
041202002501202608
041202002507202608
041202003301202608
041202003307202608
041202005001202608
041202005007202608
041202006801202608
041202006807202608
041202007601202608
041202007607202608
041202008401202608
041202008407202608
041203001201202608
041203001207202608
041203004701202608
041203004707202608
041203008001202608
041203008007202608
041203009801202608
041203009807202608
041203009809202608
041203010101202608
041203010107202608
041203011001202608
041203011007202608
041204001801202608
041204001807202608
041204001809202608
041204002601202608
041204002607202608
041204003401202608
041204003407202608
041204004201202608
041204004207202608
041204005001202608
041204005007202608
041204006901202608
041204006907202608
041204008501202608
041204008507202608
041204008509202608
041204010701202608
041204010707202608
041204011501202608
041204011507202608
041204012301202608
041204012307202608
041204013101202608
041204013107202608
041204015801202608
041204015807202608
041204016601202608
041204016607202608
041204017401202608
041204017407202608
041204018201202608
041204018207202608
041204019001202608
041204019007202608
041204020401202608
041204020407202608
041204021201202608
041204021207202608
041204022001202608
041204022007202608
041204022009202608
041205001301202608
041205001307202608
041205003001202608
041205003007202608
041205004801202608
041205004807202608
041205006401202608
041205006407202608
041205007201202608
041205007207202608
041205008001202608
041205008007202608
041205010201202608
041205010207202608
041205011001202608
041205011007202608
041205013701202608
041205013707202608
041205014501202608
041205014507202608
041205015301202608
041205015307202608
041205016101202608
041205016107202608
041301001501202608
041301001507202608
041301006601202608
041301008201202608
041301008207202608
041301009001202608
041301009007202608
041303001601202608
041303001607202608
041303001609202608
041303002401202608
041303002407202608
041303002409202608
041303003201202608
041303003209202608
041303005901202608
041303005907202608
041303005909202608
041303006701202608
041303006709202608
041303007501202608
041303007509202608
041303008301202608
041303008307202608
041303008309202608
041304002001202608
041304002007202608
041304003801202608
041304004601202608
041304005401202608
041304005409202608
041304006201202608
041304006209202608
041304007001202608
041304007009202608
041304008901202608
041304008909202608
041304009701202608
041304009707202608
041304010001202608
041304010007202608
041304011901202608
041304011907202608
041304011909202608
041304012701202608
041304012707202608
041304012709202608
041304013501202608
041304013507202608
041304013509202608
041304014301202608
041304014307202608
041304014309202608
041304015101202608
041304015107202608
041304015109202608
041304016001202608
041304016007202608
041304017801202608
041304017807202608
041304018601202608
041304018607202608
041304018609202608
041304019401202608
041304019407202608
041304019409202608
041304020801202608
041304020807202608
041304020809202608
041304021601202608
041304021607202608
041304021609202608
041304022401202608
041304022407202608
041304022409202608
041304023201202608
041304023207202608
041304023209202608
041304024001202608
041304024007202608
041304025901202608
041304025909202608
041304026701202608
041401002701202608
041401003501202608
041401025601202608
041401025607202608
041401025609202608
041401027201202608
041401027207202608
041401027209202608
041401032901202608
041401032907202608
041401032909202608
041401034501202608
041401034507202608
041401034509202608
041402002201202608
041402002203202608
041402002207202608
041402002209202608
041402003001202608
041402003003202608
041402003007202608
041402003009202608
041402004901202608
041402004903202608
041402004907202608
041402004909202608
041402005701202608
041402005703202608
041402005707202608
041402005709202608
041402006501202608
041402006503202608
041402006507202608
041402006509202608
041402007301202608
041402007303202608
041402007307202608
041402007309202608
041402008101202608
041402008103202608
041402008107202608
041402008109202608
041402009001202608
041402009003202608
041402009007202608
041402009009202608
041402014601202608
041402014603202608
041402014607202608
041402014609202608
041402015401202608
041402015403202608
041402015407202608
041402015409202608
041402016201202608
041402016203202608
041402016207202608
041402016209202608
041402020001202608
041402020003202608
041402020007202608
041402020009202608
041402021901202608
041402021903202608
041402021907202608
041402021909202608
041402024301202608
041402024303202608
041402024307202608
041402024309202608
041402027801202608
041402027803202608
041402027807202608
041402027809202608
041402029401202608
041402029403202608
041402029407202608
041402029409202608
041402036701202608
041402036703202608
041402036707202608
041402036709202608
041402037501202608
041402037503202608
041402037507202608
041402037509202608
041402041301202608
041402041303202608
041402041307202608
041402041309202608
041501001201202608
041501001207202608
041502001801202608
041502003401202608
041502003407202608
041502004201202608
041502004207202608
041502005001202608
041502005007202608
041502006901202608
041502006907202608
041502007701202608
041502007707202608
041502008501202608
041503001301202608
041503001307202608
041504002701202608
041504002707202608
041504003501202608
041504003507202608
041601001601202608
041601001607202608
041601002401202608
041601002407202608
041601004001202608
041601004007202608
041601007501202608
041601007507202608
041601009101202608
041601009107202608
041601011301202608
041601011307202608
041601011309202608
041601012101202608
041601013001202608
041601016401202608
041601016407202608
041601017201202608
041601017207202608
041601017209202608
041601018001202608
041601018007202608
041601019901202608
041601019907202608
041601020201202608
041601020207202608
041601021001202608
041601021007202608
041601022901202608
041601022907202608
041601023701202608
041602002001202608
041602002007202608
041602015101202608
041602015107202608
041602016001202608
041602016007202608
041602017801202608
041602017807202608
041602017809202608
041602018601202608
041602018607202608
041602018609202608
041602019401202608
041602019407202608
041602020801202608
041602020807202608
041602021601202608
041602021607202608
041602021609202608
041602022401202608
041602022407202608
041602023201202608
041602023207202608
041602024001202608
041602024007202608
041602024009202608
041602025901202608
041602025907202608
041603002501202608
041603002507202608
041603002509202608
041603003301202608
041603003307202608
041603003309202608
041603004101202608
041603004107202608
041603004109202608
041603006801202608
041603006807202608
041603007601202608
041603008401202608
041603008407202608
041603009201202608
041603009207202608
041603014901202608
041603014907202608
041603014909202608
041603015701202608
041603015707202608
041603015709202608
041603016501202608
041603016507202608
041603017301202608
041603017307202608
041603018101202608
041603018107202608
041603019001202608
041603020301202608
041603020307202608
041603021101202608
041603021107202608
041603022001202608
041603022007202608
041603023801202608
041603023807202608
041603024601202608
041603024607202608
041603025401202608
041603026201202608
041603027001202608
041603027007202608
041603028901202608
041603029701202608
041603030001202608
041603030007202608
041603031901202608
041603031907202608
041603032701202608
041603032707202608
041603032709202608
041603033501202608
041603033507202608
041603033509202608
041603034301202608
041603034307202608
041603035101202608
041603035107202608
041603035109202608
041603036001202608
041603036007202608
041604001201202608
041604001207202608
041604002001202608
041604002007202608
041604003901202608
041604003907202608
041604004701202608
041604004707202608
041604005501202608
041604005507202608
041604007101202608
041604007107202608
041604010101202608
041604010107202608
041604011001202608
041604011007202608
041604012801202608
041604012807202608
041604014401202608
041604014407202608
041604017901202608
041604017909202608
041604018701202608
041604018709202608
041604019501202608
041604019509202608
041604020901202608
041604020907202608
041604021701202608
041604021707202608
041604022501202608
041604022507202608
041604023301202608
041604023307202608
041604024101202608
041604024107202608
041604025001202608
041604025007202608
041604026801202608
041604026807202608
041604027601202608
041604027607202608
041604028401202608
041604029201202608
041604030601202608
041604031401202608
041604031407202608
041604032201202608
041604032207202608
041604033001202608
041604033007202608
041604034901202608
041604034907202608
041605001801202608
041605001807202608
041605002601202608
041605002607202608
041605003401202608
041605003407202608
041605005001202608
041605005007202608
041605007701202608
041605007707202608
041605009301202608
041605009307202608
041605010701202608
041605010707202608
041605011501202608
041605011507202608
041605012301202608
041605012307202608
041606001301202608
041606001307202608
041606001309202608
041606002101202608
041606002107202608
041606003001202608
041606003007202608
041606005601202608
041606005607202608
041606006401202608
041606006407202608
041606008001202608
041606008007202608
041606009901202608
041606009907202608
041606010201202608
041606010207202608
041606011001202608
041606011007202608
041606012901202608
041606012907202608
041606013701202608
041606013707202608
041608001401202608
041608001407202608
041608001409202608
041608003001202608
041608003007202608
041608003009202608
041608008101202608
041608008107202608
041608009001202608
041608009007202608
041608011101202608
041608011107202608
041608012001202608
041608012007202608
041608012009202608
041609001001202608
041609001007202608
041609002801202608
041609002807202608
041609003601202608
041609003607202608
041609007901202608
041609007907202608
041609010901202608
041609010907202608
041609011701202608
041609011707202608
041609012501202608
041609012507202608
041609013301202608
041609013307202608
041611001001202608
041611001007202608
041611002901202608
041611002907202608
041611003701202608
041611003707202608
041611004501202608
041611004507202608
041611005301202608
041611005307202608
041611006101202608
041611006107202608
041611007001202608
041611007007202608
041611008801202608
041611008807202608
041612002401202608
041612003201202608
041612004001202608
041612004009202608
041612005901202608
041612005909202608
050103006901202608
050103006903202608
050103006907202608
050201001075202608
050201001076202608
050201001078202608
050201001079202608
050201002978202608
050201002979202608
050201002980202608
050201002981202608
050201002982202608
050301001401202608
050301001403202608
050301001475202608
050301001476202608
050301001478202608
050301001479202608
050301001480202608
050301001481202608
050301001482202608
050301002201202608
050301002275202608
050301002276202608
050301002278202608
050301002279202608
050301002280202608
050301002281202608
050301002282202608
050302001001202608
050302002801202608
050303001575202608
050303001576202608
050303001578202608
050303001579202608
050303001580202608
050303001581202608
050303001582202608
050303002301202608
050303002375202608
050303002376202608
050303002378202608
050303002379202608
050303002380202608
050303002381202608
050303002382202608
050303003101202608
050303003175202608
050303003176202608
050303003178202608
050303003179202608
050303003180202608
050303003181202608
050303003182202608
050303004001202608
050303004075202608
050303004076202608
050303004078202608
050303004080202608
050303004081202608
050303004082202608
050303005801202608
050303005875202608
050303005876202608
050303005878202608
050303005879202608
050303005880202608
050303005881202608
050303005882202608
050303006601202608
050303006675202608
050303006676202608
050303006678202608
050303006679202608
050303006680202608
050303006681202608
050303006682202608
050303007401202608
050303007475202608
050303007476202608
050303007478202608
050303007479202608
050303007480202608
050303007481202608
050303007482202608
050303008201202608
050303008275202608
050303008276202608
050303008278202608
050303008279202608
050303008280202608
050303008281202608
050303008282202608
050303009001202608
050303009075202608
050303009076202608
050303009078202608
050303009079202608
050303009080202608
050303009081202608
050303009082202608
050303010401202608
050303010475202608
050303010476202608
050303010478202608
050303010479202608
050303010480202608
050303010481202608
050303010482202608
050304004575202608
050304004576202608
050304004578202608
050304004579202608
050304004580202608
050304004581202608
050304004582202608
050501001103202608
050501001107202608
050501002003202608
050501002007202608
050501003803202608
050501003807202608
050501004603202608
050501004607202608
050501005403202608
050501005407202608
050501006203202608
050501006207202608
050501007003202608
050501007007202608
050501008903202608
050501008907202608
050501009701202608
050501009707202608
050501009709202608
050501012701202608
050501012707202608
050501012709202608
050501013501202608
050501013507202608
050501013509202608
050501014309202608
050502004101202608
050502004107202608
050502005001202608
050502005007202608
050502006801202608
050502007601202608
050502008401202608
050502009201202608
050502010601202608
050502012201202608
050502014901202608
050602001012202608
050602002912202608
050602003712202608
050602004503202608
050602004507202608
050602004509202608
050602004512202608
050602005301202608
050602005303202608
050602005307202608
050602006101202608
050602006103202608
050602006107202608
050602007001202608
050602007003202608
050602007007202608
050602009601202608
050602009603202608
050602009607202608
050602010001202608
050602010003202608
050602010007202608
050602011801202608
050602011803202608
050602011807202608
050602013401202608
050602013403202608
050602013407202608
070209005001202608
070209005007202608
070209006901202608
070209006907202608
080201006765202608
080201007579202608
080201008375202608
080201009176202608
080201011383202608
080201012181202608
080201013082202608
080201015678202608
080201016480202608
080201021085202608
080201022986202608
080201023792202608
080201024593202608
080201025387202608
080201026187202608
080201027087202608
080201028894202608
080201032696202608
080201036995202608
